/ailab/group/pjlab-ai4s/ai4astro/Deep_space_explore/hst_data/hst_9983_03_acs_wfc_f814w_j8my03/hst_9983_03_acs_wfc_f814w_j8my03_drc.fits.gz:POLYGON ((100.96295713720971 -74.27529370287557, 100.68698880303504 -74.27529367492849, 100.68762721869462 -74.20030779103666, 100.96231892732892 -74.20030781884418, 100.96295713720971 -74.27529370287557))
/ailab/group/pjlab-ai4s/ai4astro/Deep_space_explore/hst_data/jd8f28020/jd8f28020_drc.fits.gz:POLYGON ((202.45465390074452 47.15616808694504, 202.45111809360512 47.21468820102418, 202.53782715514285 47.21707526215969, 202.541267576085 47.158552517836064, 202.45465390074452 47.15616808694504))
/ailab/group/pjlab-ai4s/ai4astro/Deep_space_explore/hst_data/hst_skycell-p2567x13y03_wfc3_uvis_f502n_all/hst_skycell-p2567x13y03_wfc3_uvis_f502n_all_drc.fits.gz:POLYGON ((315.40359214189476 68.15880916518866, 315.02367551987544 68.15617538437286, 315.02025182637055 68.21395705683081, 315.4011387248402 68.2165987170968, 315.40359214189476 68.15880916518866))
/ailab/group/pjlab-ai4s/ai4astro/Deep_space_explore/hst_data/hst_skycell-p1364x07y09_wfc3_uvis_f336w_all/hst_skycell-p1364x07y09_wfc3_uvis_f336w_all_drc.fits.gz:POLYGON ((169.05975136149019 1.4041479994619226, 168.87536978450646 1.4042242851124325, 168.87548543118794 1.6210274720938573, 169.05989135700742 1.6209393968970998, 169.05975136149019 1.4041479994619226))
/ailab/group/pjlab-ai4s/ai4astro/Deep_space_explore/hst_data/hst_skycell-p1960x05y11_acs_wfc_f850lp_all/hst_skycell-p1960x05y11_acs_wfc_f850lp_all_drc.fits.gz:POLYGON ((138.33175716615523 29.870926945154736, 138.21324619955394 29.872324124462967, 138.21547301828159 30.019195421581422, 138.33415922574036 30.0177899318327, 138.33175716615523 29.870926945154736))
/ailab/group/pjlab-ai4s/ai4astro/Deep_space_explore/hst_data/hst_skycell-p2480x19y02_acs_wfc_f475w_all/hst_skycell-p2480x19y02_acs_wfc_f475w_all_drc.fits.gz:POLYGON ((204.41987774380226 59.78419444342137, 204.27257605411205 59.78010365652318, 204.26341116173708 59.86008427622115, 204.4110730993175 59.864188652275445, 204.41987774380226 59.78419444342137))
/ailab/group/pjlab-ai4s/ai4astro/Deep_space_explore/hst_data/hst_12476_22_acs_wfc_f475w_jbrv22/hst_12476_22_acs_wfc_f475w_jbrv22_drc.fits.gz:POLYGON ((195.503569271753 27.800715226340383, 195.42019594187173 27.800715221140997, 195.42016768683845 27.87421519158642, 195.50359751504823 27.874215196802, 195.503569271753 27.800715226340383))
/ailab/group/pjlab-ai4s/ai4astro/Deep_space_explore/hst_data/hst_skycell-p0115x11y03_wfc3_uvis_f814w_all/hst_skycell-p0115x11y03_wfc3_uvis_f814w_all_drc.fits.gz:POLYGON ((83.06251831687285 -67.8041250947532, 82.87722687108939 -67.80400400191866, 82.8774249228965 -67.7804938309291, 83.06253260313181 -67.78061478495749, 83.06251831687285 -67.8041250947532))
/ailab/group/pjlab-ai4s/ai4astro/Deep_space_explore/hst_data/hst_skycell-p0287x17y20_wfc3_uvis_f275w_all/hst_skycell-p0287x17y20_wfc3_uvis_f275w_all_drc.fits.gz:POLYGON ((305.51761267639154 -51.83086269992529, 305.46710317047166 -51.82994397328925, 305.47003637827993 -51.77074044618554, 305.5204777125911 -51.77165714932041, 305.51761267639154 -51.83086269992529))
/ailab/group/pjlab-ai4s/ai4astro/Deep_space_explore/hst_data/hst_15901_02_acs_wfc_f814w_je4l02/hst_15901_02_acs_wfc_f814w_je4l02_drc.fits.gz:POLYGON ((298.2938477495086 -22.157546112215062, 298.2189409228479 -22.157546107135822, 298.2189592562084 -22.08856001909938, 298.29382942703364 -22.088560024161122, 298.2938477495086 -22.157546112215062))
/ailab/group/pjlab-ai4s/ai4astro/Deep_space_explore/hst_data/jcu805020/jcu805020_drc.fits.gz:POLYGON ((74.05374004711653 -68.1312323389212, 74.19624681958727 -68.15581686447136, 74.12839322283972 -68.21032153411419, 73.98562079447967 -68.18567858549139, 74.05374004711653 -68.1312323389212))
/ailab/group/pjlab-ai4s/ai4astro/Deep_space_explore/hst_data/hst_skycell-p1443x12y02_acs_wfc_f814w_all/hst_skycell-p1443x12y02_acs_wfc_f814w_all_drc.fits.gz:POLYGON ((125.22083234474775 3.9304272175694277, 125.13966208766217 3.9304065812857303, 125.13963843998982 3.9813633866390874, 125.2208162660293 3.9813842926522347, 125.22083234474775 3.9304272175694277))
/ailab/group/pjlab-ai4s/ai4astro/Deep_space_explore/hst_data/hst_13297_0p_acs_wfc_f475w_jcau0p/hst_13297_0p_acs_wfc_f475w_jcau0p_drc.fits.gz:POLYGON ((258.5973405659998 -29.41649372575256, 258.5200412368467 -29.41649373055279, 258.5200650978485 -29.3536465289158, 258.59731669472717 -29.353646524127864, 258.5973405659998 -29.41649372575256))
/ailab/group/pjlab-ai4s/ai4astro/Deep_space_explore/hst_data/hst_10154_03_acs_wfc_f850lp_j8yi03/hst_10154_03_acs_wfc_f850lp_j8yi03_drc.fits.gz:POLYGON ((210.2953699399829 2.8235411102003813, 210.22367180932537 2.8235411104934895, 210.22366957341865 2.8950966427451497, 210.2953721764836 2.8950966424445905, 210.2953699399829 2.8235411102003813))
/ailab/group/pjlab-ai4s/ai4astro/Deep_space_explore/hst_data/j9cv02010/j9cv02010_drc.fits.gz:POLYGON ((4.725256019744982 -10.325371207690685, 4.7550219914971885 -10.376239924530848, 4.701676289258052 -10.406441093178445, 4.6719161113463965 -10.355567471821576, 4.725256019744982 -10.325371207690685))
/ailab/group/pjlab-ai4s/ai4astro/Deep_space_explore/hst_data/hst_10787_20_acs_wfc_total_j9q720/hst_10787_20_acs_wfc_total_j9q720_drc.fits.gz:POLYGON ((9.851268758125194 0.8461209855432098, 9.778997012654466 0.8461209854064108, 9.77899631304412 0.9181487393670684, 9.851269457451197 0.9181487395155085, 9.851268758125194 0.8461209855432098))
/ailab/group/pjlab-ai4s/ai4astro/Deep_space_explore/hst_data/ibop01020/ibop01020_drc.fits.gz:POLYGON ((295.33603539779233 40.187981884790304, 295.2905943820334 40.13648089696076, 295.2202320370937 40.17269260797626, 295.26564387189825 40.224221100764815, 295.33603539779233 40.187981884790304))
/ailab/group/pjlab-ai4s/ai4astro/Deep_space_explore/hst_data/hst_17504_2l_wfc3_uvis_total_ifaa2l/hst_17504_2l_wfc3_uvis_total_ifaa2l_drc.fits.gz:POLYGON ((25.768144607385477 44.60632111534238, 25.683741989001174 44.6063211210184, 25.683699612107198 44.66457350702255, 25.768186999760264 44.664573501334985, 25.768144607385477 44.60632111534238))
/ailab/group/pjlab-ai4s/ai4astro/Deep_space_explore/hst_data/hst_14779_47_wfc3_uvis_f275w_id7647/hst_14779_47_wfc3_uvis_f275w_id7647_drc.fits.gz:POLYGON ((122.36473204699904 46.274625008022745, 122.26986681581927 46.27462501417063, 122.26981060243935 46.33946971976498, 122.36478827800123 46.339469713603144, 122.36473204699904 46.274625008022745))
/ailab/group/pjlab-ai4s/ai4astro/Deep_space_explore/hst_data/j9el07020/j9el07020_drc.fits.gz:POLYGON ((148.75324776634844 69.16901395555197, 148.89589264759763 69.19835139078215, 148.97972042313287 69.14663039076146, 148.83730051427253 69.11736238921007, 148.75324776634844 69.16901395555197))
/ailab/group/pjlab-ai4s/ai4astro/Deep_space_explore/hst_data/jb5d08010/jb5d08010_drc.fits.gz:POLYGON ((8.156601319244245 48.35346092542395, 8.170316394472643 48.41131769153076, 8.257999476863862 48.402114072889574, 8.244187303662336 48.34426775951863, 8.156601319244245 48.35346092542395))
/ailab/group/pjlab-ai4s/ai4astro/Deep_space_explore/hst_data/hst_17179_4p_wfc3_uvis_f275w_if0g4p/hst_17179_4p_wfc3_uvis_f275w_if0g4p_drc.fits.gz:POLYGON ((323.7955589908644 -0.546227140317294, 323.7345744487778 -0.5462271403816026, 323.73457473315415 -0.486951230536895, 323.7955587063698 -0.486951230479564, 323.7955589908644 -0.546227140317294))
/ailab/group/pjlab-ai4s/ai4astro/Deep_space_explore/hst_data/hst_skycell-p0045x11y02_wfc3_uvis_f814w_all/hst_skycell-p0045x11y02_wfc3_uvis_f814w_all_drc.fits.gz:POLYGON ((342.3788175728651 -80.20913622053973, 342.12400795994785 -80.20868477068714, 342.1287829456882 -80.14342875547025, 342.38193314984005 -80.14387719597356, 342.3788175728651 -80.20913622053973))
/ailab/group/pjlab-ai4s/ai4astro/Deep_space_explore/hst_data/hst_10584_27_acs_wfc_f606w_j9el27/hst_10584_27_acs_wfc_f606w_j9el27_drc.fits.gz:POLYGON ((148.75562049990222 68.96930737955887, 148.53556122447887 68.96930739152174, 148.53516458758966 69.048418343688, 148.7560172038369 69.04841833167563, 148.75562049990222 68.96930737955887))
/ailab/group/pjlab-ai4s/ai4astro/Deep_space_explore/hst_data/hst_9822_6x_acs_wfc_total_j8pu6x/hst_9822_6x_acs_wfc_total_j8pu6x_drc.fits.gz:POLYGON ((149.8890902220289 1.8943524202474722, 149.8184127279373 1.8943524205578761, 149.8184113076098 1.9627551772055805, 149.8890916429688 1.9627551768839473, 149.8890902220289 1.8943524202474722))
/ailab/group/pjlab-ai4s/ai4astro/Deep_space_explore/hst_data/jc3a03020/jc3a03020_drc.fits.gz:POLYGON ((9.567403983827495 40.12302372745493, 9.567351095463609 40.06442653204556, 9.490386321208916 40.06444170536361, 9.490372913257563 40.123038913835735, 9.567403983827495 40.12302372745493))
/ailab/group/pjlab-ai4s/ai4astro/Deep_space_explore/hst_data/hst_12333_82_wfc3_uvis_f390m_ibll82/hst_12333_82_wfc3_uvis_f390m_ibll82_drc.fits.gz:POLYGON ((204.71869028046447 70.28124172193584, 204.6943569664139 70.2812417187897, 204.69435206472573 70.28949588543622, 204.71869516339544 70.28949588858382, 204.71869028046447 70.28124172193584))
/ailab/group/pjlab-ai4s/ai4astro/Deep_space_explore/hst_data/ieps32040/ieps32040_drc.fits.gz:POLYGON ((10.727188967368253 40.83794494113494, 10.703420766318535 40.79562818076841, 10.643930725564973 40.81474419092375, 10.667667799226546 40.85707315499575, 10.727188967368253 40.83794494113494))
/ailab/group/pjlab-ai4s/ai4astro/Deep_space_explore/hst_data/hst_skycell-p1550x04y07_wfc3_uvis_f336w_all/hst_skycell-p1550x04y07_wfc3_uvis_f336w_all_drc.fits.gz:POLYGON ((199.86020175796983 8.924325444001651, 199.80691922355584 8.924558000337091, 199.807079069946 8.957023048498456, 199.86036690616703 8.956789627399353, 199.86020175796983 8.924325444001651))
/ailab/group/pjlab-ai4s/ai4astro/Deep_space_explore/hst_data/hst_skycell-p1320x21y20_acs_wfc_f435w_all/hst_skycell-p1320x21y20_acs_wfc_f435w_all_drc.fits.gz:POLYGON ((349.7395477676241 0.2141856137651552, 349.68490882367155 0.214177453982, 349.6849841419343 0.2675631422926988, 349.7396213120201 0.2675733352602314, 349.7395477676241 0.2141856137651552))
/ailab/group/pjlab-ai4s/ai4astro/Deep_space_explore/hst_data/hst_14992_10_wfc3_uvis_f845m_idor10/hst_14992_10_wfc3_uvis_f845m_idor10_drc.fits.gz:POLYGON ((247.89549620059785 30.142334977340667, 247.88630773011252 30.142334977110636, 247.88630736647104 30.150137916133495, 247.89549656371685 30.15013791636358, 247.89549620059785 30.142334977340667))
/ailab/group/pjlab-ai4s/ai4astro/Deep_space_explore/hst_data/hst_14610_31_acs_wfc_total_jdb631/hst_14610_31_acs_wfc_total_jdb631_drc.fits.gz:POLYGON ((23.502683243366924 30.598888353255724, 23.40698207006362 30.598888350670062, 23.406941340516962 30.681179974463596, 23.502723966899364 30.68117997705776, 23.502683243366924 30.598888353255724))
/ailab/group/pjlab-ai4s/ai4astro/Deep_space_explore/hst_data/hst_10340_i9_acs_wfc_total_j92qi9/hst_10340_i9_acs_wfc_total_j92qi9_drc.fits.gz:POLYGON ((53.14794836818014 -27.791660063892156, 53.06269799929587 -27.79166005976797, 53.06272744160641 -27.71643786915889, 53.14791893515145 -27.716437873269967, 53.14794836818014 -27.791660063892156))
/ailab/group/pjlab-ai4s/ai4astro/Deep_space_explore/hst_data/hst_12111_05_wfc3_uvis_f275w_ibfp05/hst_12111_05_wfc3_uvis_f275w_ibfp05_drc.fits.gz:POLYGON ((11.32031907363577 41.568090896726396, 11.236030725585252 41.568090899716644, 11.235990650484814 41.62943584526109, 11.320359156524175 41.62943584226438, 11.32031907363577 41.568090896726396))
/ailab/group/pjlab-ai4s/ai4astro/Deep_space_explore/hst_data/hst_skycell-p2143x09y14_wfc3_uvis_f775w_all/hst_skycell-p2143x09y14_wfc3_uvis_f775w_all_drc.fits.gz:POLYGON ((290.51951707105445 38.73655403931335, 290.5006459423018 38.73663604287528, 290.5007411229191 38.75043319211168, 290.519615838982 38.750351148598554, 290.51951707105445 38.73655403931335))
/ailab/group/pjlab-ai4s/ai4astro/Deep_space_explore/hst_data/hst_17506_07_wfc3_uvis_f555w_if8c07/hst_17506_07_wfc3_uvis_f555w_if8c07_drc.fits.gz:POLYGON ((176.5676734964612 47.456199623709104, 176.48585049373696 47.456199624019995, 176.48580572691193 47.513648605806054, 176.5677182642426 47.513648605494524, 176.5676734964612 47.456199623709104))
/ailab/group/pjlab-ai4s/ai4astro/Deep_space_explore/hst_data/hst_14675_01_wfc3_uvis_total_ida901/hst_14675_01_wfc3_uvis_total_ida901_drc.fits.gz:POLYGON ((75.44235133528478 -65.81873745426512, 75.31360270252452 -65.81873743509838, 75.31374028201846 -65.76364366174805, 75.4422138533217 -65.76364368086556, 75.44235133528478 -65.81873745426512))
/ailab/group/pjlab-ai4s/ai4astro/Deep_space_explore/hst_data/if3x06010/if3x06010_drc.fits.gz:POLYGON ((40.41816379285196 -8.36430685989878, 40.43867620108757 -8.323661184515469, 40.48235482377825 -8.345236150697923, 40.46184583210393 -8.385884074005338, 40.41816379285196 -8.36430685989878))
/ailab/group/pjlab-ai4s/ai4astro/Deep_space_explore/hst_data/j8n1a8010/j8n1a8010_drc.fits.gz:POLYGON ((189.13964827567872 62.23798344447443, 189.22850659072165 62.279431685803154, 189.3179551858032 62.23776727029443, 189.22909669727147 62.19637620828527, 189.13964827567872 62.23798344447443))
/ailab/group/pjlab-ai4s/ai4astro/Deep_space_explore/hst_data/hst_skycell-p1993x03y12_wfc3_uvis_f336w_all/hst_skycell-p1993x03y12_wfc3_uvis_f336w_all_drc.fits.gz:POLYGON ((289.2295287256858 30.147276815995387, 289.1478783812141 30.14857715566362, 289.1514461185835 30.319963227773126, 289.23323766520565 30.318653950781872, 289.2295287256858 30.147276815995387))
/ailab/group/pjlab-ai4s/ai4astro/Deep_space_explore/hst_data/j9o411010/j9o411010_drc.fits.gz:POLYGON ((210.94195248666128 54.37413758747027, 210.902582434216 54.32023574756195, 210.80959973289603 54.34325771351968, 210.8488697366439 54.39718978764358, 210.94195248666128 54.37413758747027))
/ailab/group/pjlab-ai4s/ai4astro/Deep_space_explore/hst_data/hst_9919_02_acs_wfc_f850lp_j8pv02/hst_9919_02_acs_wfc_f850lp_j8pv02_drc.fits.gz:POLYGON ((132.31514995326313 44.82197733052834, 132.20402719048826 44.82197733403522, 132.20395294677553 44.898866175189475, 132.31522420664137 44.898866171673156, 132.31514995326313 44.82197733052834))
/ailab/group/pjlab-ai4s/ai4astro/Deep_space_explore/hst_data/j9cu75auq/j9cu75auq_drc.fits.gz:POLYGON ((53.324926432136145 -27.859121612056768, 53.286774538599126 -27.90690663594315, 53.23239045981675 -27.872957650114863, 53.27055437637608 -27.825187590421336, 53.324926432136145 -27.859121612056768))
/ailab/group/pjlab-ai4s/ai4astro/Deep_space_explore/hst_data/jf1j04010/jf1j04010_drc.fits.gz:POLYGON ((46.73406740360158 -62.48788411211257, 46.74657888822024 -62.429573178451065, 46.873246966019956 -62.43532537237884, 46.86098059059376 -62.49364754535275, 46.73406740360158 -62.48788411211257))
/ailab/group/pjlab-ai4s/ai4astro/Deep_space_explore/hst_data/j9dk09010/j9dk09010_drc.fits.gz:POLYGON ((160.3162857886764 -59.76096405614079, 160.43046705212467 -59.77184497026777, 160.40878211774748 -59.829700706840654, 160.29440976931696 -59.81880090496988, 160.3162857886764 -59.76096405614079))
/ailab/group/pjlab-ai4s/ai4astro/Deep_space_explore/hst_data/hst_9480_f9_acs_wfc_total_j8hof9/hst_9480_f9_acs_wfc_total_j8hof9_drc.fits.gz:POLYGON ((163.22571838142034 57.51020459042335, 163.08327407085696 57.5102045713544, 163.0831237589061 57.58699616704321, 163.22586862193222 57.58699618616869, 163.22571838142034 57.51020459042335))
/ailab/group/pjlab-ai4s/ai4astro/Deep_space_explore/hst_data/hst_skycell-p0502x07y12_acs_wfc_f814w_all/hst_skycell-p0502x07y12_acs_wfc_f814w_all_drc.fits.gz:POLYGON ((76.35808222896296 -37.87309926397131, 76.32515931208846 -37.8734729230192, 76.32487643670746 -37.85778831531641, 76.35779233088522 -37.857414867749696, 76.35808222896296 -37.87309926397131))
/ailab/group/pjlab-ai4s/ai4astro/Deep_space_explore/hst_data/jepv30010/jepv30010_drc.fits.gz:POLYGON ((10.082635978642768 40.65848456519949, 10.11139673657201 40.6041491769838, 10.038372472047136 40.581857827780844, 10.00956191569474 40.636175079908696, 10.082635978642768 40.65848456519949))
/ailab/group/pjlab-ai4s/ai4astro/Deep_space_explore/hst_data/hst_skycell-p1091x13y13_acs_wfc_f606w_all/hst_skycell-p1091x13y13_acs_wfc_f606w_all_drc.fits.gz:POLYGON ((149.18447690562832 -9.515474717855346, 149.1021875280444 -9.515353047958202, 149.10231570707427 -9.440951682252654, 149.18458627589806 -9.441072380439438, 149.18447690562832 -9.515474717855346))
/ailab/group/pjlab-ai4s/ai4astro/Deep_space_explore/hst_data/hst_14018_06_wfc3_uvis_f275w_icr306/hst_14018_06_wfc3_uvis_f275w_icr306_drc.fits.gz:POLYGON ((204.71626632101191 70.28149833227934, 204.69415078069807 70.28149833004326, 204.69414666550762 70.28912518005676, 204.71627042264907 70.28912518229373, 204.71626632101191 70.28149833227934))
/ailab/group/pjlab-ai4s/ai4astro/Deep_space_explore/hst_data/hst_12018_22_wfc3_uvis_total_ibdp22/hst_12018_22_wfc3_uvis_total_ibdp22_drc.fits.gz:POLYGON ((146.60119041888404 54.865621441136106, 146.5895058998786 54.865621440277046, 146.58950488867293 54.8725879570516, 146.6011914269961 54.87258795791089, 146.60119041888404 54.865621441136106))
/ailab/group/pjlab-ai4s/ai4astro/Deep_space_explore/hst_data/hst_12061_jc_wfc3_uvis_total_ibeujc/hst_12061_jc_wfc3_uvis_total_ibeujc_drc.fits.gz:POLYGON ((53.188468982578925 -27.877491264980144, 53.11615686426576 -27.877491259118585, 53.116177776968634 -27.814759609833434, 53.188448082870664 -27.814759615679467, 53.188468982578925 -27.877491264980144))
/ailab/group/pjlab-ai4s/ai4astro/Deep_space_explore/hst_data/hst_skycell-p1684x14y01_acs_wfc_f814w_all/hst_skycell-p1684x14y01_acs_wfc_f814w_all_drc.fits.gz:POLYGON ((24.320880471155505 15.652344533959106, 24.245240386470577 15.652058744995202, 24.244802215309676 15.741758803577502, 24.320480340067448 15.742046351715583, 24.320880471155505 15.652344533959106))
/ailab/group/pjlab-ai4s/ai4astro/Deep_space_explore/hst_data/j95t29020/j95t29020_drc.fits.gz:POLYGON ((202.06586885675824 -31.744975533829393, 202.03717867481944 -31.798255070937078, 201.9733373263116 -31.773384219414925, 202.00205653401105 -31.72011899312179, 202.06586885675824 -31.744975533829393))
/ailab/group/pjlab-ai4s/ai4astro/Deep_space_explore/hst_data/ie6d02040/ie6d02040_drc.fits.gz:POLYGON ((82.9963753615379 -67.69404836587381, 83.04506373813787 -67.73561846828088, 82.87892426165787 -67.76348853680732, 82.83047254122567 -67.72186907507378, 82.9963753615379 -67.69404836587381))
/ailab/group/pjlab-ai4s/ai4astro/Deep_space_explore/hst_data/iepu32030/iepu32030_drc.fits.gz:POLYGON ((10.33332130715321 40.73315539212371, 10.35701661617161 40.77550036267643, 10.41649971141188 40.75637833711069, 10.392773360148874 40.714045535865765, 10.33332130715321 40.73315539212371))
/ailab/group/pjlab-ai4s/ai4astro/Deep_space_explore/hst_data/hst_10421_09_acs_wfc_total_j95y09/hst_10421_09_acs_wfc_total_j95y09_drc.fits.gz:POLYGON ((325.9548823024315 17.70160267563238, 325.8627419975588 17.701602674999958, 325.86271939029757 17.78943596272298, 325.9549049083604 17.789435963358773, 325.9548823024315 17.70160267563238))
/ailab/group/pjlab-ai4s/ai4astro/Deep_space_explore/hst_data/hst_13297_1d_wfc3_uvis_total_icau1d/hst_13297_1d_wfc3_uvis_total_icau1d_drc.fits.gz:POLYGON ((308.57989320944677 7.371754430812241, 308.5155955863695 7.371754430043174, 308.51559080782334 7.437270486245363, 308.5798979863921 7.437270487021356, 308.57989320944677 7.371754430812241))
/ailab/group/pjlab-ai4s/ai4astro/Deep_space_explore/hst_data/hst_12099_od_acs_wfc_total_jbfuod/hst_12099_od_acs_wfc_total_jbfuod_drc.fits.gz:POLYGON ((215.15589842536733 53.102394154543894, 215.02496435071637 53.1023941638703, 215.02484467662958 53.18085243364694, 215.15601813053436 53.18085242429388, 215.15589842536733 53.102394154543894))
/ailab/group/pjlab-ai4s/ai4astro/Deep_space_explore/hst_data/hst_skycell-p0573x04y17_wfc3_uvis_f225w_all/hst_skycell-p0573x04y17_wfc3_uvis_f225w_all_drc.fits.gz:POLYGON ((68.16855777551135 -32.45823744626423, 68.14339812316616 -32.458603500056135, 68.14285595194004 -32.43295765982363, 68.16800815085499 -32.43259197654741, 68.16855777551135 -32.45823744626423))
/ailab/group/pjlab-ai4s/ai4astro/Deep_space_explore/hst_data/hst_12911_48_acs_wfc_f814w_jc0548/hst_12911_48_acs_wfc_f814w_jc0548_drc.fits.gz:POLYGON ((245.95623623901193 -26.67041661242684, 245.864721639555 -26.670416600869203, 245.86475434831897 -26.588736085196356, 245.95620355602955 -26.588736096712946, 245.95623623901193 -26.67041661242684))
/ailab/group/pjlab-ai4s/ai4astro/Deep_space_explore/hst_data/hst_12669_01_acs_wfc_f814w_jbop01/hst_12669_01_acs_wfc_f814w_jbop01_drc.fits.gz:POLYGON ((295.2294137313906 40.200607946535285, 295.10774334923053 40.20060795168632, 295.1076739799621 40.27777456314856, 295.22948311188077 40.27777455798344, 295.2294137313906 40.200607946535285))
/ailab/group/pjlab-ai4s/ai4astro/Deep_space_explore/hst_data/hst_13364_62_acs_wfc_total_jcdm62/hst_13364_62_acs_wfc_total_jcdm62_drc.fits.gz:POLYGON ((145.0672369824752 71.06591872920623, 144.85227769756327 71.06591869325139, 144.85189189761294 71.13618244919296, 145.06762255833098 71.13618248529197, 145.0672369824752 71.06591872920623))
/ailab/group/pjlab-ai4s/ai4astro/Deep_space_explore/hst_data/hst_skycell-p1058x14y12_acs_wfc_f775w_all/hst_skycell-p1058x14y12_acs_wfc_f775w_all_drc.fits.gz:POLYGON ((15.346750006687492 -9.776665435512662, 15.327970244105042 -9.776619226246963, 15.328129551412546 -9.715793813427213, 15.346905802744459 -9.715839729167422, 15.346750006687492 -9.776665435512662))
/ailab/group/pjlab-ai4s/ai4astro/Deep_space_explore/hst_data/hst_13442_0u_acs_wfc_f606w_jc9v0u/hst_13442_0u_acs_wfc_f606w_jc9v0u_drc.fits.gz:POLYGON ((235.5868987101742 67.22178949301112, 235.37847477149631 67.22178947499553, 235.3781256773496 67.30208099523239, 235.5872477113844 67.30208101331895, 235.5868987101742 67.22178949301112))
/ailab/group/pjlab-ai4s/ai4astro/Deep_space_explore/hst_data/iehc76ceq/iehc76ceq_drc.fits.gz:POLYGON ((324.7658416475488 57.445386175507586, 324.83496540102493 57.41941563890017, 324.78372489071023 57.37987294199714, 324.7146394729631 57.40581544388061, 324.7658416475488 57.445386175507586))
/ailab/group/pjlab-ai4s/ai4astro/Deep_space_explore/hst_data/j8e638030/j8e638030_drc.fits.gz:POLYGON ((53.13119097183525 -27.863883697615332, 53.10324078174846 -27.916911806138174, 53.042861344030456 -27.89203060365839, 53.07083466393104 -27.839014672082456, 53.13119097183525 -27.863883697615332))
/ailab/group/pjlab-ai4s/ai4astro/Deep_space_explore/hst_data/hst_9488_9u_acs_wfc_total_j8i09u/hst_9488_9u_acs_wfc_total_j8i09u_drc.fits.gz:POLYGON ((17.580540151932045 -72.9201851394105, 17.3265992172445 -72.92018509542564, 17.327136505922613 -72.84537973350179, 17.58000316233163 -72.84537977728297, 17.580540151932045 -72.9201851394105))
/ailab/group/pjlab-ai4s/ai4astro/Deep_space_explore/hst_data/hst_12057_17_wfc3_uvis_f336w_ibf117/hst_12057_17_wfc3_uvis_f336w_ibf117_drc.fits.gz:POLYGON ((11.03771075415916 41.58068240601686, 10.95342068626135 41.58068241166132, 10.953380588847892 41.6420383627576, 11.037750866281478 41.64203835710097, 11.03771075415916 41.58068240601686))
/ailab/group/pjlab-ai4s/ai4astro/Deep_space_explore/hst_data/j8hpbgebq/j8hpbgebq_drc.fits.gz:POLYGON ((172.39736806235433 -14.681911734652214, 172.41384556622523 -14.62562571283457, 172.47235287792586 -14.641648700719138, 172.455889208774 -14.697938841462276, 172.39736806235433 -14.681911734652214))
/ailab/group/pjlab-ai4s/ai4astro/Deep_space_explore/hst_data/hst_skycell-p0770x11y17_wfc3_uvis_f606w_all/hst_skycell-p0770x11y17_wfc3_uvis_f606w_all_drc.fits.gz:POLYGON ((245.89995039950585 -24.451170322057244, 245.86539622272045 -24.45117691535191, 245.86539572636926 -24.446147271199134, 245.89994844196397 -24.446140679471814, 245.89995039950585 -24.451170322057244))
/ailab/group/pjlab-ai4s/ai4astro/Deep_space_explore/hst_data/j8f854010/j8f854010_drc.fits.gz:POLYGON ((11.503092169840277 40.673732458560075, 11.483070210520967 40.73022891915993, 11.558099555894918 40.74548370439326, 11.578062454327517 40.68897430528576, 11.503092169840277 40.673732458560075))
/ailab/group/pjlab-ai4s/ai4astro/Deep_space_explore/hst_data/ifab08070/ifab08070_drc.fits.gz:POLYGON ((101.43435928693755 -18.212819517617444, 101.46463634293019 -18.177639255106502, 101.50477729605966 -18.20880535886717, 101.4745029311866 -18.24399191828948, 101.43435928693755 -18.212819517617444))
/ailab/group/pjlab-ai4s/ai4astro/Deep_space_explore/hst_data/hst_12074_09_wfc3_uvis_total_ibfb09/hst_12074_09_wfc3_uvis_total_ibfb09_drc.fits.gz:POLYGON ((10.956044225792196 41.40643009089812, 10.871995274301392 41.40643008221083, 10.871955531652214 41.46776402228731, 10.956083945868338 41.46776403099335, 10.956044225792196 41.40643009089812))
/ailab/group/pjlab-ai4s/ai4astro/Deep_space_explore/hst_data/j8xi59010/j8xi59010_drc.fits.gz:POLYGON ((150.54282862389502 2.641294986187178, 150.5530176901987 2.6990297009444757, 150.61354089054544 2.688370116925, 150.60334907401364 2.630635902097032, 150.54282862389502 2.641294986187178))
/ailab/group/pjlab-ai4s/ai4astro/Deep_space_explore/hst_data/hst_10503_03_acs_wfc_total_j9bd03/hst_10503_03_acs_wfc_total_j9bd03_drc.fits.gz:POLYGON ((6.014349831463832 -24.743828110853528, 5.9232496931279615 -24.743828106570465, 5.923279929166702 -24.66113370260416, 6.014319604831401 -24.661133706870967, 6.014349831463832 -24.743828110853528))
/ailab/group/pjlab-ai4s/ai4astro/Deep_space_explore/hst_data/hst_skycell-p1410x12y03_acs_wfc_f814w_all/hst_skycell-p1410x12y03_acs_wfc_f814w_all_drc.fits.gz:POLYGON ((351.7248294719291 -0.024257069627524, 351.6688881918168 -0.0242569443210937, 351.6688867271878 -0.0169994329100556, 351.72482825474054 -0.0169995207264345, 351.7248294719291 -0.024257069627524))
/ailab/group/pjlab-ai4s/ai4astro/Deep_space_explore/hst_data/j8zb16010/j8zb16010_drc.fits.gz:POLYGON ((210.0955364284813 0.7721542850625422, 210.10678659544786 0.829661601378075, 210.1645996678321 0.8183533902015597, 210.15334872625385 0.7608462314357927, 210.0955364284813 0.7721542850625422))
/ailab/group/pjlab-ai4s/ai4astro/Deep_space_explore/hst_data/hst_12061_ja_acs_wfc_total_jbeuja/hst_12061_ja_acs_wfc_total_jbeuja_drc.fits.gz:POLYGON ((52.99276218845342 -27.788141645872592, 52.90950839787219 -27.788141648998728, 52.9095364814771 -27.714641678458346, 52.992734097809226 -27.714641675341923, 52.99276218845342 -27.788141645872592))
/ailab/group/pjlab-ai4s/ai4astro/Deep_space_explore/hst_data/j8de59010/j8de59010_drc.fits.gz:POLYGON ((53.13328801768542 -27.629766172125372, 53.06702302019571 -27.629765994423806, 53.06704151128208 -27.56926601020815, 53.133269939753376 -27.569266187804146, 53.13328801768542 -27.629766172125372))
/ailab/group/pjlab-ai4s/ai4astro/Deep_space_explore/hst_data/hst_14807_20_wfc3_uvis_total_id5e20/hst_14807_20_wfc3_uvis_total_id5e20_drc.fits.gz:POLYGON ((156.0690156722102 -57.7867002333541, 155.9450807115142 -57.78670021029967, 155.94519494860103 -57.72002859975631, 156.0689015222191 -57.72002862275132, 156.0690156722102 -57.7867002333541))
/ailab/group/pjlab-ai4s/ai4astro/Deep_space_explore/hst_data/hst_16777_05_wfc3_uvis_f275w_ien405/hst_16777_05_wfc3_uvis_f275w_ien405_drc.fits.gz:POLYGON ((201.7702115320525 -47.55116351365426, 201.69450194781567 -47.551163503812425, 201.69454069212762 -47.49746741272595, 201.77017281834236 -47.49746742254928, 201.7702115320525 -47.55116351365426))
/ailab/group/pjlab-ai4s/ai4astro/Deep_space_explore/hst_data/hst_skycell-p0457x12y12_wfc3_uvis_f606w_all/hst_skycell-p0457x12y12_wfc3_uvis_f606w_all_drc.fits.gz:POLYGON ((201.01650554644942 -41.88078918027584, 200.68891528328447 -41.87986909638872, 200.6907734254532 -41.635971504652275, 201.01711522194293 -41.63688370572082, 201.01650554644942 -41.88078918027584))
/ailab/group/pjlab-ai4s/ai4astro/Deep_space_explore/hst_data/hst_11657_0f_wfc3_uvis_total_ib1b0f/hst_11657_0f_wfc3_uvis_total_ib1b0f_drc.fits.gz:POLYGON ((252.4200092799356 -39.37318685814781, 252.35342332123935 -39.373186849517204, 252.35344293723207 -39.33202607955788, 252.41998968178032 -39.332026088175866, 252.4200092799356 -39.37318685814781))
/ailab/group/pjlab-ai4s/ai4astro/Deep_space_explore/hst_data/hst_skycell-p2479x13y12_wfc3_uvis_f673n_all/hst_skycell-p2479x13y12_wfc3_uvis_f673n_all_drc.fits.gz:POLYGON ((198.9870673255543 62.11539838468496, 198.80570219468342 62.113954044592944, 198.80364878936015 62.16604239292169, 198.98532560679075 62.167489908205184, 198.9870673255543 62.11539838468496))
/ailab/group/pjlab-ai4s/ai4astro/Deep_space_explore/hst_data/hst_17065_10_acs_wfc_f814w_jf0w10/hst_17065_10_acs_wfc_f814w_jf0w10_drc.fits.gz:POLYGON ((10.442069427637481 -49.637659030093225, 10.322979419663465 -49.637659031542064, 10.323075294423507 -49.55907575289416, 10.44197354832857 -49.55907575144937, 10.442069427637481 -49.637659030093225))
/ailab/group/pjlab-ai4s/ai4astro/Deep_space_explore/hst_data/hst_14125_07_wfc3_uvis_f225w_icz007/hst_14125_07_wfc3_uvis_f225w_icz007_drc.fits.gz:POLYGON ((11.392559466342405 41.890462052942894, 11.348429186879503 41.890462051530264, 11.348417919221752 41.92304949894802, 11.392570730232304 41.92304950036226, 11.392559466342405 41.890462052942894))
/ailab/group/pjlab-ai4s/ai4astro/Deep_space_explore/hst_data/hst_skycell-p2463x18y18_acs_wfc_f814w_all/hst_skycell-p2463x18y18_acs_wfc_f814w_all_drc.fits.gz:POLYGON ((68.1431799714246 63.5814410653012, 67.97223500155307 63.57674665058572, 67.96161853318762 63.652542620097734, 68.13301128595981 63.657252298386, 68.1431799714246 63.5814410653012))
/ailab/group/pjlab-ai4s/ai4astro/Deep_space_explore/hst_data/hst_9656_25_acs_wfc_f775w_j8hw25/hst_9656_25_acs_wfc_f775w_j8hw25_drc.fits.gz:POLYGON ((5.759282779527173 -72.09771866208293, 5.561699144134565 -72.09771862626198, 5.562020048229098 -72.03741316569139, 5.758962106050193 -72.03741320138388, 5.759282779527173 -72.09771866208293))
/ailab/group/pjlab-ai4s/ai4astro/Deep_space_explore/hst_data/hst_12456_a6_acs_wfc_f850lp_jbt2a6/hst_12456_a6_acs_wfc_f850lp_jbt2a6_drc.fits.gz:POLYGON ((293.1008599775494 -26.65180770744571, 293.0147060657732 -26.651807704519584, 293.0147349927939 -26.575002182163125, 293.1008310570472 -26.575002185079473, 293.1008599775494 -26.65180770744571))
/ailab/group/pjlab-ai4s/ai4astro/Deep_space_explore/hst_data/hst_skycell-p2375x02y13_wfc3_uvis_f218w_all/hst_skycell-p2375x02y13_wfc3_uvis_f218w_all_drc.fits.gz:POLYGON ((174.01488061436368 54.489448506712456, 173.8956138414851 54.49316768617738, 173.90023054450677 54.54420046141609, 174.01964470706122 54.540474334112275, 174.01488061436368 54.489448506712456))
/ailab/group/pjlab-ai4s/ai4astro/Deep_space_explore/hst_data/hst_12059_14_wfc3_uvis_f336w_ibf414/hst_12059_14_wfc3_uvis_f336w_ibf414_drc.fits.gz:POLYGON ((11.441066927873845 41.914293258595926, 11.366764325955572 41.91429325230475, 11.366733713599254 41.96680074428422, 11.441097524151786 41.966800750586984, 11.441066927873845 41.914293258595926))
/ailab/group/pjlab-ai4s/ai4astro/Deep_space_explore/hst_data/hst_15323_19_wfc3_uvis_total_idja19/hst_15323_19_wfc3_uvis_total_idja19_drc.fits.gz:POLYGON ((298.1889282355319 57.448493673784895, 298.1359722227138 57.448493668231684, 298.1359509260344 57.47786749286816, 298.18894951091113 57.47786749842765, 298.1889282355319 57.448493673784895))
/ailab/group/pjlab-ai4s/ai4astro/Deep_space_explore/hst_data/icyr0x050/icyr0x050_drc.fits.gz:POLYGON ((129.50740756645095 22.819618626585758, 129.51745470455356 22.826194393541453, 129.52498235923895 22.816421969027644, 129.51493557861056 22.80984667392305, 129.50740756645095 22.819618626585758))
/ailab/group/pjlab-ai4s/ai4astro/Deep_space_explore/hst_data/iaau01070/iaau01070_drc.fits.gz:POLYGON ((204.71814975806396 70.28358620464756, 204.70199338453128 70.28220179673181, 204.6976617561356 70.28795100154994, 204.71382236264776 70.28933579720427, 204.71814975806396 70.28358620464756))
/ailab/group/pjlab-ai4s/ai4astro/Deep_space_explore/hst_data/hst_12286_11_acs_wfc_f775w_jbl711/hst_12286_11_acs_wfc_f775w_jbl711_drc.fits.gz:POLYGON ((141.68904197567264 45.472117166774005, 141.57266357622487 45.47211714788013, 141.5725791933458 45.55364486976905, 141.68912630460525 45.55364488871678, 141.68904197567264 45.472117166774005))
/ailab/group/pjlab-ai4s/ai4astro/Deep_space_explore/hst_data/hst_15857_06_acs_wfc_total_je0o06/hst_15857_06_acs_wfc_total_je0o06_drc.fits.gz:POLYGON ((259.37678322489325 43.05638503579837, 259.2674676095007 43.05638502763325, 259.2673961696067 43.13635720042418, 259.37685464236483 43.13635720861217, 259.37678322489325 43.05638503579837))
/ailab/group/pjlab-ai4s/ai4astro/Deep_space_explore/hst_data/hst_14451_03_acs_wfc_f502n_jd2e03/hst_14451_03_acs_wfc_f502n_jd2e03_drc.fits.gz:POLYGON ((11.254507142338621 85.17079365910429, 10.51919085554364 85.17079352780436, 10.514401650606452 85.23301444534573, 11.259293171179806 85.23301457836756, 11.254507142338621 85.17079365910429))
/ailab/group/pjlab-ai4s/ai4astro/Deep_space_explore/hst_data/hst_14762_43_wfc3_uvis_total_id7r43/hst_14762_43_wfc3_uvis_total_id7r43_drc.fits.gz:POLYGON ((158.7062204102719 21.6576447425317, 158.69776558022082 21.657644741856117, 158.69776534565605 21.665623769774164, 158.70622064336015 21.665623770450033, 158.7062204102719 21.6576447425317))
/ailab/group/pjlab-ai4s/ai4astro/Deep_space_explore/hst_data/hst_skycell-p1541x15y17_acs_wfc_f775w_all/hst_skycell-p1541x15y17_acs_wfc_f775w_all_drc.fits.gz:POLYGON ((160.94709208189346 11.536415463441386, 160.91041665948214 11.536306457760002, 160.91037218510058 11.552503850397548, 160.94704944517727 11.552613011686688, 160.94709208189346 11.536415463441386))
/ailab/group/pjlab-ai4s/ai4astro/Deep_space_explore/hst_data/ieav09imq/ieav09imq_drc.fits.gz:POLYGON ((264.3711898612474 -3.2371607569594083, 264.4099512892207 -3.2134483365913873, 264.435200183029 -3.254587436916941, 264.3964377692739 -3.278300822883448, 264.3711898612474 -3.2371607569594083))
/ailab/group/pjlab-ai4s/ai4astro/Deep_space_explore/hst_data/hst_12939_7k_acs_wfc_f555w_jby07k/hst_12939_7k_acs_wfc_f555w_jby07k_drc.fits.gz:POLYGON ((84.54624183803112 -69.21673131154378, 84.28700469929908 -69.2167312678296, 84.2874377101317 -69.14384257474916, 84.54580902173633 -69.14384261829628, 84.54624183803112 -69.21673131154378))
/ailab/group/pjlab-ai4s/ai4astro/Deep_space_explore/hst_data/hst_skycell-p0836x12y12_wfc3_uvis_f438w_all/hst_skycell-p0836x12y12_wfc3_uvis_f438w_all_drc.fits.gz:POLYGON ((171.29350444052918 -21.784723926613516, 171.03765069268619 -21.784319209507313, 171.03805703651656 -21.63653761364569, 171.29364484018026 -21.636939294259, 171.29350444052918 -21.784723926613516))
/ailab/group/pjlab-ai4s/ai4astro/Deep_space_explore/hst_data/hst_15145_75_wfc3_uvis_f814w_idgg75/hst_15145_75_wfc3_uvis_f814w_idgg75_drc.fits.gz:POLYGON ((227.34704814027532 -11.350511920983271, 227.28218952010877 -11.350511921617183, 227.28219683960126 -11.285887315175868, 227.34704081947265 -11.285887314545665, 227.34704814027532 -11.350511920983271))
/ailab/group/pjlab-ai4s/ai4astro/Deep_space_explore/hst_data/hst_skycell-p0459x14y14_wfc3_uvis_f845m_all/hst_skycell-p0459x14y14_wfc3_uvis_f845m_all_drc.fits.gz:POLYGON ((210.86424875924453 -41.40092239044461, 210.800007725987 -41.40040365438071, 210.80067901137812 -41.35568192947648, 210.86487535773256 -41.35619984115028, 210.86424875924453 -41.40092239044461))
/ailab/group/pjlab-ai4s/ai4astro/Deep_space_explore/hst_data/ie1u85020/ie1u85020_drc.fits.gz:POLYGON ((224.89967683625602 34.70628468888871, 224.8869285086977 34.701907654316145, 224.88130879509072 34.712966537034255, 224.89405852984484 34.71734415685861, 224.89967683625602 34.70628468888871))
/ailab/group/pjlab-ai4s/ai4astro/Deep_space_explore/hst_data/hst_16579_10_wfc3_uvis_f390w_iemg10/hst_16579_10_wfc3_uvis_f390w_iemg10_drc.fits.gz:POLYGON ((88.1196322398287 15.88197449517023, 88.1114509674415 15.881974495339337, 88.11145080549467 15.889953523258956, 88.1196324021322 15.889953523089757, 88.1196322398287 15.88197449517023))
/ailab/group/pjlab-ai4s/ai4astro/Deep_space_explore/hst_data/hst_skycell-p1586x03y06_wfc3_uvis_f547m_all/hst_skycell-p1586x03y06_wfc3_uvis_f547m_all_drc.fits.gz:POLYGON ((345.85855520908814 8.759586844994374, 345.6214487364118 8.760783133723818, 345.62238014646454 8.929320007542918, 345.8596090314604 8.92810018774999, 345.85855520908814 8.759586844994374))
/ailab/group/pjlab-ai4s/ai4astro/Deep_space_explore/hst_data/j9dx02050/j9dx02050_drc.fits.gz:POLYGON ((229.67946442311344 2.104468064132308, 229.66664962352203 2.0472873913138874, 229.6091199883671 2.0601623146139647, 229.6219328050661 2.117343454619628, 229.67946442311344 2.104468064132308))
/ailab/group/pjlab-ai4s/ai4astro/Deep_space_explore/hst_data/hst_10246_0d_acs_wfc_f850lp_j93k0d/hst_10246_0d_acs_wfc_f850lp_j93k0d_drc.fits.gz:POLYGON ((83.93456625508759 -5.452016457834429, 83.86614563704494 -5.452016458320741, 83.86614947861685 -5.3841692561162375, 83.9345624125486 -5.384169255636015, 83.93456625508759 -5.452016457834429))
/ailab/group/pjlab-ai4s/ai4astro/Deep_space_explore/hst_data/hst_10713_01_acs_wfc_f814w_j9fn01/hst_10713_01_acs_wfc_f814w_j9fn01_drc.fits.gz:POLYGON ((13.336503364267633 56.60180593347863, 13.196038641446165 56.60180594941758, 13.195893449033138 56.67972254544215, 13.33664861518659 56.67972252945594, 13.336503364267633 56.60180593347863))
/ailab/group/pjlab-ai4s/ai4astro/Deep_space_explore/hst_data/hst_11907_35_wfc3_uvis_f438w_ibbs35/hst_11907_35_wfc3_uvis_f438w_ibbs35_drc.fits.gz:POLYGON ((204.7194018107558 70.28208651088659, 204.69660062275594 70.28208650967706, 204.69659647507544 70.28954827634887, 204.7194059514793 70.28954827755882, 204.7194018107558 70.28208651088659))
/ailab/group/pjlab-ai4s/ai4astro/Deep_space_explore/hst_data/hst_14191_03_wfc3_uvis_f814w_icto03/hst_14191_03_wfc3_uvis_f814w_icto03_drc.fits.gz:POLYGON ((296.48288919927876 -14.98972835119407, 296.4142563243017 -14.989728347777561, 296.4142669107967 -14.923573971101204, 296.4828786198248 -14.92357397450194, 296.48288919927876 -14.98972835119407))
/ailab/group/pjlab-ai4s/ai4astro/Deep_space_explore/hst_data/hst_15113_a1_acs_wfc_f475w_jdgqa1/hst_15113_a1_acs_wfc_f475w_jdgqa1_drc.fits.gz:POLYGON ((39.80827197401891 -36.099505052011644, 39.67257952068967 -36.09950504428255, 39.67266801487514 -35.996769032645595, 39.80818349771503 -35.99676904034561, 39.80827197401891 -36.099505052011644))
/ailab/group/pjlab-ai4s/ai4astro/Deep_space_explore/hst_data/idgg54010/idgg54010_drc.fits.gz:POLYGON ((211.61426995476384 -5.441052941881119, 211.65564056707134 -5.421849393965742, 211.67615275821987 -5.46563656582458, 211.63477978374544 -5.484841514886822, 211.61426995476384 -5.441052941881119))
/ailab/group/pjlab-ai4s/ai4astro/Deep_space_explore/hst_data/hst_skycell-p1873x11y02_wfc3_uvis_f336w_all/hst_skycell-p1873x11y02_wfc3_uvis_f336w_all_drc.fits.gz:POLYGON ((109.82076499200231 23.84614607533872, 109.74299897143348 23.846159016009977, 109.74299159835412 23.91336688938676, 109.82080139269348 23.91335390651581, 109.82076499200231 23.84614607533872))
/ailab/group/pjlab-ai4s/ai4astro/Deep_space_explore/hst_data/hst_skycell-p2365x08y06_acs_wfc_f775w_all/hst_skycell-p2365x08y06_acs_wfc_f775w_all_drc.fits.gz:POLYGON ((106.0851851359623 52.80695327975069, 105.9697084055906 52.808215355787134, 105.9718922346288 52.88331160821495, 106.08757179248781 52.882046024712515, 106.0851851359623 52.80695327975069))
/ailab/group/pjlab-ai4s/ai4astro/Deep_space_explore/hst_data/hst_13089_03_wfc3_uvis_total_ic5s03/hst_13089_03_wfc3_uvis_total_ic5s03_drc.fits.gz:POLYGON ((194.2636430087662 22.02744788312516, 194.2555580586245 22.027447882628568, 194.25555783937662 22.03510774943268, 194.26364322691887 22.03510774992946, 194.2636430087662 22.02744788312516))
/ailab/group/pjlab-ai4s/ai4astro/Deep_space_explore/hst_data/idx5a6060/idx5a6060_drc.fits.gz:POLYGON ((194.26225038991745 22.026940509069405, 194.25613767254583 22.027455425562806, 194.25672311433854 22.033428851728434, 194.26283608745692 22.032913913512388, 194.26225038991745 22.026940509069405))
/ailab/group/pjlab-ai4s/ai4astro/Deep_space_explore/hst_data/ictj50b9q/ictj50b9q_drc.fits.gz:POLYGON ((201.574789675884 -47.62113537166004, 201.53627678862264 -47.65837231518204, 201.47753453758892 -47.630755599751694, 201.5160689070132 -47.59353831782475, 201.574789675884 -47.62113537166004))
/ailab/group/pjlab-ai4s/ai4astro/Deep_space_explore/hst_data/hst_14471_03_wfc3_uvis_total_id3b03/hst_14471_03_wfc3_uvis_total_id3b03_drc.fits.gz:POLYGON ((350.30172308454945 61.15369771750241, 350.16287099701617 61.15369770414256, 350.1627256450974 61.2195989164902, 350.3018683818558 61.219598929886516, 350.30172308454945 61.15369771750241))
/ailab/group/pjlab-ai4s/ai4astro/Deep_space_explore/hst_data/hst_skycell-p1091x13y12_acs_wfc_f606w_all/hst_skycell-p1091x13y12_acs_wfc_f606w_all_drc.fits.gz:POLYGON ((149.3002020842391 -9.880706075736217, 149.0526372324402 -9.880350710566859, 149.0528590707843 -9.762147495107785, 149.30033393917853 -9.762498520453665, 149.3002020842391 -9.880706075736217))
/ailab/group/pjlab-ai4s/ai4astro/Deep_space_explore/hst_data/jcxs01020/jcxs01020_drc.fits.gz:POLYGON ((187.9917555386909 20.405170764252073, 188.00789073335324 20.461683026959303, 188.06860284496128 20.446449255093594, 188.05244695300104 20.38994258670908, 187.9917555386909 20.405170764252073))
/ailab/group/pjlab-ai4s/ai4astro/Deep_space_explore/hst_data/ic4001vtq/ic4001vtq_drc.fits.gz:POLYGON ((92.13397753667651 24.282246578440365, 92.16252656684863 24.319434701437466, 92.20590614132965 24.29175826002043, 92.17735063104413 24.25457824089868, 92.13397753667651 24.282246578440365))
/ailab/group/pjlab-ai4s/ai4astro/Deep_space_explore/hst_data/idbh37010/idbh37010_drc.fits.gz:POLYGON ((194.25558183438721 22.032215418643375, 194.26134124732457 22.033983161273543, 194.26335257671298 22.028351790130603, 194.25759336771432 22.026584117802678, 194.25558183438721 22.032215418643375))
/ailab/group/pjlab-ai4s/ai4astro/Deep_space_explore/hst_data/hst_skycell-p1360x19y11_wfc3_uvis_f621m_all/hst_skycell-p1360x19y11_wfc3_uvis_f621m_all_drc.fits.gz:POLYGON ((150.2128094191899 1.8799414563319805, 149.96903855908687 1.8796750632065884, 149.96873686727088 2.1234325642779246, 150.21254388842328 2.123733533155924, 150.2128094191899 1.8799414563319805))
/ailab/group/pjlab-ai4s/ai4astro/Deep_space_explore/hst_data/hst_10260_03_acs_wfc_total_j8z003/hst_10260_03_acs_wfc_total_j8z003_drc.fits.gz:POLYGON ((10.464910298365467 41.21625049940633, 10.362529293570033 41.21625049280489, 10.362469027469453 41.293097672790665, 10.464970546918313 41.29309767940998, 10.464910298365467 41.21625049940633))
/ailab/group/pjlab-ai4s/ai4astro/Deep_space_explore/hst_data/hst_skycell-p0559x12y17_acs_wfc_f814w_all/hst_skycell-p0559x12y17_acs_wfc_f814w_all_drc.fits.gz:POLYGON ((359.78797881860015 -32.65064899721423, 359.56898481928704 -32.65009075634275, 359.5697347474844 -32.49977700571973, 359.78834772717875 -32.50033195554501, 359.78797881860015 -32.65064899721423))
/ailab/group/pjlab-ai4s/ai4astro/Deep_space_explore/hst_data/hst_9984_ff_acs_wfc_total_j8mbff/hst_9984_ff_acs_wfc_total_j8mbff_drc.fits.gz:POLYGON ((186.4476906599237 0.7254152691928423, 186.37176793587787 0.7254152692536375, 186.37176726768277 0.8011235749573724, 186.44769132824638 0.8011235748902341, 186.4476906599237 0.7254152691928423))
/ailab/group/pjlab-ai4s/ai4astro/Deep_space_explore/hst_data/hst_13307_06_acs_wfc_f475w_jc9j06/hst_13307_06_acs_wfc_f475w_jc9j06_drc.fits.gz:POLYGON ((119.96747422829986 13.61148069692816, 119.88249016750926 13.611480696074235, 119.88247529489371 13.694022325755407, 119.96748909915358 13.694022326614697, 119.96747422829986 13.61148069692816))
/ailab/group/pjlab-ai4s/ai4astro/Deep_space_explore/hst_data/hst_skycell-p1041x10y05_acs_wfc_f814w_all/hst_skycell-p1041x10y05_acs_wfc_f814w_all_drc.fits.gz:POLYGON ((307.06023396123703 -15.38811968095622, 306.96106341333814 -15.388204911045685, 306.9610231260313 -15.323818973251717, 307.0601657120452 -15.32373411288811, 307.06023396123703 -15.38811968095622))
/ailab/group/pjlab-ai4s/ai4astro/Deep_space_explore/hst_data/hst_10395_20_acs_wfc_total_j96e20/hst_10395_20_acs_wfc_total_j96e20_drc.fits.gz:POLYGON ((149.23005465927906 -10.254226599313583, 149.146159123348 -10.254226601136931, 149.14616997462065 -10.171934970657864, 149.230043804328 -10.171934968849476, 149.23005465927906 -10.254226599313583))
/ailab/group/pjlab-ai4s/ai4astro/Deep_space_explore/hst_data/hst_skycell-p2257x03y05_wfc3_uvis_f395n_all/hst_skycell-p2257x03y05_wfc3_uvis_f395n_all_drc.fits.gz:POLYGON ((182.59235085568872 44.441802139922025, 182.51399739070175 44.44354873199958, 182.52395151371007 44.66772234981542, 182.60261437833034 44.66596169485429, 182.59235085568872 44.441802139922025))
/ailab/group/pjlab-ai4s/ai4astro/Deep_space_explore/hst_data/hst_skycell-p2046x05y15_acs_wfc_f660n_all/hst_skycell-p2046x05y15_acs_wfc_f660n_all_drc.fits.gz:POLYGON ((176.9532009224288 35.002646585476036, 176.88103058240299 35.00362574712495, 176.88215565402965 35.06193906933889, 176.9543761243928 35.06095782166043, 176.9532009224288 35.002646585476036))
/ailab/group/pjlab-ai4s/ai4astro/Deep_space_explore/hst_data/hst_9433_54_acs_wfc_total_j6mf54/hst_9433_54_acs_wfc_total_j6mf54_drc.fits.gz:POLYGON ((212.02030231382992 -11.458485676615375, 211.94347951108335 -11.458485673664368, 211.94348967395308 -11.383457923473522, 212.02029215694006 -11.383457926404681, 212.02030231382992 -11.458485676615375))
/ailab/group/pjlab-ai4s/ai4astro/Deep_space_explore/hst_data/hst_skycell-p1459x17y18_acs_wfc_f814w_all/hst_skycell-p1459x17y18_acs_wfc_f814w_all_drc.fits.gz:POLYGON ((188.57647686118355 7.638693502784706, 188.54523486005192 7.638582019406758, 188.54484815990648 7.77255742784324, 188.57609786277806 7.772670874729667, 188.57647686118355 7.638693502784706))
/ailab/group/pjlab-ai4s/ai4astro/Deep_space_explore/hst_data/hst_skycell-p0253x07y12_acs_wfc_f814w_all/hst_skycell-p0253x07y12_acs_wfc_f814w_all_drc.fits.gz:POLYGON ((86.76143867842697 -53.826018496608754, 86.5501932798986 -53.82876815958172, 86.54558500869564 -53.696368864022084, 86.7561640207685 -53.69363254482123, 86.76143867842697 -53.826018496608754))
/ailab/group/pjlab-ai4s/ai4astro/Deep_space_explore/hst_data/jd8037010/jd8037010_drc.fits.gz:POLYGON ((201.46568575803894 -47.56242906728277, 201.40664283367707 -47.60719543287086, 201.3358472125804 -47.564644796829256, 201.3949026631684 -47.51991476315228, 201.46568575803894 -47.56242906728277))
/ailab/group/pjlab-ai4s/ai4astro/Deep_space_explore/hst_data/hst_16773_e7_wfc3_uvis_f200lp_ienhe7/hst_16773_e7_wfc3_uvis_f200lp_ienhe7_drc.fits.gz:POLYGON ((135.3513505897425 9.897893458987161, 135.28618525588763 9.897893459490017, 135.28617877675268 9.962969293398803, 135.351357069916 9.962969292892577, 135.3513505897425 9.897893458987161))
/ailab/group/pjlab-ai4s/ai4astro/Deep_space_explore/hst_data/hst_10771_c1_acs_wfc_f435w_j9kkc1/hst_10771_c1_acs_wfc_f435w_j9kkc1_drc.fits.gz:POLYGON ((5.850069774327112 -72.12916859923287, 5.524155711719366 -72.12916859745867, 5.525078833600299 -72.02389127269565, 5.849146664544942 -72.0238912744587, 5.850069774327112 -72.12916859923287))
/ailab/group/pjlab-ai4s/ai4astro/Deep_space_explore/hst_data/j9l965010/j9l965010_drc.fits.gz:POLYGON ((265.2444157047049 -53.6836761698994, 265.1555587100457 -53.71585553125677, 265.1007200468328 -53.662649189285155, 265.18950679585157 -53.630510427112796, 265.2444157047049 -53.6836761698994))
/ailab/group/pjlab-ai4s/ai4astro/Deep_space_explore/hst_data/hst_17101_04_acs_wfc_total_jf1j04/hst_17101_04_acs_wfc_total_jf1j04_drc.fits.gz:POLYGON ((46.87345778153942 -62.49367826107456, 46.73238758513127 -62.49367826584494, 46.73253900781422 -62.429469987775185, 46.873306338547664 -62.429469983017825, 46.87345778153942 -62.49367826107456))
/ailab/group/pjlab-ai4s/ai4astro/Deep_space_explore/hst_data/hst_skycell-p1060x14y13_wfc3_uvis_f275w_all/hst_skycell-p1060x14y13_wfc3_uvis_f275w_all_drc.fits.gz:POLYGON ((23.66576510666723 -9.538578714474113, 23.640024053283085 -9.538533430110306, 23.64013807861391 -9.479596876578414, 23.665874471091065 -9.479641875159176, 23.66576510666723 -9.538578714474113))
/ailab/group/pjlab-ai4s/ai4astro/Deep_space_explore/hst_data/hst_13615_01_acs_wfc_total_jchl01/hst_13615_01_acs_wfc_total_jchl01_drc.fits.gz:POLYGON ((11.57113296011084 85.30731009971456, 10.802421275405369 85.30731011996488, 10.79727056514479 85.36950314028597, 11.576284166491492 85.36950311976246, 11.57113296011084 85.30731009971456))
/ailab/group/pjlab-ai4s/ai4astro/Deep_space_explore/hst_data/hst_skycell-p2081x18y11_wfc3_uvis_f547m_all/hst_skycell-p2081x18y11_wfc3_uvis_f547m_all_drc.fits.gz:POLYGON ((339.05300477173597 33.91470472100922, 338.9248670249886 33.91256679465114, 338.92262723349154 34.00198275560216, 339.05089963792557 34.00412789844878, 339.05300477173597 33.91470472100922))
/ailab/group/pjlab-ai4s/ai4astro/Deep_space_explore/hst_data/hst_skycell-p1987x09y10_acs_wfc_f625w_all/hst_skycell-p1987x09y10_acs_wfc_f625w_all_drc.fits.gz:POLYGON ((260.4292218664317 29.646135241378616, 260.2561622154135 29.64690897856333, 260.2568680579211 29.78473340147104, 260.4301675012486 29.783955310441495, 260.4292218664317 29.646135241378616))
/ailab/group/pjlab-ai4s/ai4astro/Deep_space_explore/hst_data/hst_15902_29_wfc3_uvis_total_ie4n29/hst_15902_29_wfc3_uvis_total_ie4n29_drc.fits.gz:POLYGON ((13.125633614997927 43.154306577971646, 13.047427073584021 43.154306576763126, 13.047391882270546 43.209224283182984, 13.125668803117653 43.20922428439385, 13.125633614997927 43.154306577971646))
/ailab/group/pjlab-ai4s/ai4astro/Deep_space_explore/hst_data/hst_skycell-p1033x09y11_wfc3_uvis_f657n_all/hst_skycell-p1033x09y11_wfc3_uvis_f657n_all_drc.fits.gz:POLYGON ((274.70448138129825 -13.897334091847513, 274.6921094436542 -13.897364671760979, 274.6920496571844 -13.874499354711906, 274.7044203646852 -13.87446882718349, 274.70448138129825 -13.897334091847513))
/ailab/group/pjlab-ai4s/ai4astro/Deep_space_explore/hst_data/hst_11570_86_acs_wfc_f435w_jb1f86/hst_11570_86_acs_wfc_f435w_jb1f86_drc.fits.gz:POLYGON ((184.78269544782017 47.299794780196, 184.66632707643976 47.299794790112955, 184.66623962965332 47.3791002920674, 184.78278292406014 47.37910028212287, 184.78269544782017 47.299794780196))
/ailab/group/pjlab-ai4s/ai4astro/Deep_space_explore/hst_data/hst_skycell-p0277x13y19_wfc3_uvis_f814w_all/hst_skycell-p0277x13y19_wfc3_uvis_f814w_all_drc.fits.gz:POLYGON ((241.2455123601235 -51.97993161292694, 241.20627268486956 -51.979613912594665, 241.2065750273509 -51.96609947133162, 241.2458025458068 -51.966417011983836, 241.2455123601235 -51.97993161292694))
/ailab/group/pjlab-ai4s/ai4astro/Deep_space_explore/hst_data/hst_skycell-p2089x13y16_wfc3_uvis_f606w_all/hst_skycell-p2089x13y16_wfc3_uvis_f606w_all_drc.fits.gz:POLYGON ((19.539370489803662 39.13928739441124, 19.422247307531332 39.13876778554163, 19.420921519077915 39.30398414814382, 19.53831344164202 39.304506760393394, 19.539370489803662 39.13928739441124))
/ailab/group/pjlab-ai4s/ai4astro/Deep_space_explore/hst_data/hst_13300_01_acs_wfc_f814w_jcbo01/hst_13300_01_acs_wfc_f814w_jcbo01_drc.fits.gz:POLYGON ((149.21547690298672 69.5543444012175, 149.01095182601946 69.55434436320223, 149.01060958414695 69.62555257349825, 149.2158189271497 69.62555261165843, 149.21547690298672 69.5543444012175))
/ailab/group/pjlab-ai4s/ai4astro/Deep_space_explore/hst_data/hst_13003_39_wfc3_uvis_f390w_ic2i39/hst_13003_39_wfc3_uvis_f390w_ic2i39_drc.fits.gz:POLYGON ((340.88740269359823 -9.62789573166958, 340.8206380841594 -9.627895729221423, 340.82064446869856 -9.563095034601217, 340.8873963139309 -9.563095037032564, 340.88740269359823 -9.62789573166958))
/ailab/group/pjlab-ai4s/ai4astro/Deep_space_explore/hst_data/hst_16359_23_wfc3_uvis_total_iehc23/hst_16359_23_wfc3_uvis_total_iehc23_drc.fits.gz:POLYGON ((84.13004839952487 -69.2965266244819, 83.9506753871574 -69.29652661173648, 83.9509318550417 -69.23442234234334, 84.12979200203817 -69.23442235504713, 84.13004839952487 -69.2965266244819))
/ailab/group/pjlab-ai4s/ai4astro/Deep_space_explore/hst_data/hst_11907_j1_wfc3_uvis_f547m_ibbsj1/hst_11907_j1_wfc3_uvis_f547m_ibbsj1_drc.fits.gz:POLYGON ((204.71947320590354 70.28181587511001, 204.69569373953294 70.2818158778788, 204.695689157857 70.28973987786989, 204.7194778037962 70.28973987509991, 204.71947320590354 70.28181587511001))
/ailab/group/pjlab-ai4s/ai4astro/Deep_space_explore/hst_data/hst_9978_63_acs_wfc_total_j8m863/hst_9978_63_acs_wfc_total_j8m863_drc.fits.gz:POLYGON ((53.21021412417661 -27.833149034137612, 53.116261544741164 -27.833149026157862, 53.116297442499295 -27.75006573530082, 53.21017824442732 -27.75006574325257, 53.21021412417661 -27.833149034137612))
/ailab/group/pjlab-ai4s/ai4astro/Deep_space_explore/hst_data/hst_17126_11_wfc3_uvis_f658n_if0411/hst_17126_11_wfc3_uvis_f658n_if0411_drc.fits.gz:POLYGON ((170.0879982544082 12.975272142627038, 170.040789663701 12.975272142863393, 170.04078496252782 13.024698086687769, 170.0880029561037 13.024698086450474, 170.0879982544082 12.975272142627038))
/ailab/group/pjlab-ai4s/ai4astro/Deep_space_explore/hst_data/iety08040/iety08040_drc.fits.gz:POLYGON ((39.93295788862143 -8.155710009211564, 39.96576305502245 -8.12298674067246, 40.00073985572851 -8.157342373160933, 39.96793473315372 -8.19006845424083, 39.93295788862143 -8.155710009211564))
/ailab/group/pjlab-ai4s/ai4astro/Deep_space_explore/hst_data/hst_skycell-p1326x08y07_wfc3_uvis_f225w_all/hst_skycell-p1326x08y07_wfc3_uvis_f225w_all_drc.fits.gz:POLYGON ((16.821509370684957 1.0201017868515851, 16.66665590001138 1.0201375866740767, 16.66671749232045 1.171767251218773, 16.821585266346762 1.1717261254145648, 16.821509370684957 1.0201017868515851))
/ailab/group/pjlab-ai4s/ai4astro/Deep_space_explore/hst_data/hst_12310_84_wfc3_uvis_f502n_ibjc84/hst_12310_84_wfc3_uvis_f502n_ibjc84_drc.fits.gz:POLYGON ((136.81364000694808 53.42562436326129, 136.70472327714754 53.42562434729547, 136.7046390444348 53.49122842853504, 136.81372418538388 53.491228444539125, 136.81364000694808 53.42562436326129))
/ailab/group/pjlab-ai4s/ai4astro/Deep_space_explore/hst_data/jf56b0010/jf56b0010_drc.fits.gz:POLYGON ((331.0781536013698 -41.113005663742896, 331.03794369266404 -41.1631061244588, 330.97096185979336 -41.132576393687174, 331.01120417308834 -41.08249922556389, 331.0781536013698 -41.113005663742896))
/ailab/group/pjlab-ai4s/ai4astro/Deep_space_explore/hst_data/hst_12061_h6_acs_wfc_f850lp_jbeuh6/hst_12061_h6_acs_wfc_f850lp_jbeuh6_drc.fits.gz:POLYGON ((53.07939692119382 -27.745429971289298, 53.00705119250197 -27.74542997533261, 53.007072347403934 -27.68161055019229, 53.07937575719935 -27.681610546159902, 53.07939692119382 -27.745429971289298))
/ailab/group/pjlab-ai4s/ai4astro/Deep_space_explore/hst_data/ie7h12060/ie7h12060_drc.fits.gz:POLYGON ((204.69138691065422 70.28592849321562, 204.70481978315857 70.2894783737794, 204.71588442682003 70.28471284354058, 204.70245275884113 70.2811637867696, 204.69138691065422 70.28592849321562))
/ailab/group/pjlab-ai4s/ai4astro/Deep_space_explore/hst_data/hst_16670_32_acs_wfc_total_jenq32/hst_16670_32_acs_wfc_total_jenq32_drc.fits.gz:POLYGON ((69.79760207127968 7.223990915502335, 69.71260799315357 7.223990913447689, 69.71260002678625 7.30819920844358, 69.79761003348555 7.30819921052245, 69.79760207127968 7.223990915502335))
/ailab/group/pjlab-ai4s/ai4astro/Deep_space_explore/hst_data/hst_15235_01_acs_wfc_total_jdkb01/hst_15235_01_acs_wfc_total_jdkb01_drc.fits.gz:POLYGON ((49.994619381077506 41.47789649681497, 49.90941869018315 41.477896500126974, 49.909376907451 41.54136869830025, 49.99466117261508 41.541368694980854, 49.994619381077506 41.47789649681497))
/ailab/group/pjlab-ai4s/ai4astro/Deep_space_explore/hst_data/hst_10452_11_acs_wfc_f555w_j97c11/hst_10452_11_acs_wfc_f555w_j97c11_drc.fits.gz:POLYGON ((202.55354017560518 47.239363679393605, 202.46584182974743 47.23936366459558, 202.46579263654144 47.29868308633473, 202.55358932531266 47.29868310116351, 202.55354017560518 47.239363679393605))
/ailab/group/pjlab-ai4s/ai4astro/Deep_space_explore/hst_data/hst_skycell-p1791x14y16_wfc3_uvis_f814w_all/hst_skycell-p1791x14y16_wfc3_uvis_f814w_all_drc.fits.gz:POLYGON ((115.06618528513458 23.25981082063748, 115.05491769327789 23.259764176022593, 115.05467873544698 23.31065740585951, 115.06595041002475 23.31070416285263, 115.06618528513458 23.25981082063748))
/ailab/group/pjlab-ai4s/ai4astro/Deep_space_explore/hst_data/hst_17147_63_wfc3_uvis_total_if2g63/hst_17147_63_wfc3_uvis_total_if2g63_drc.fits.gz:POLYGON ((33.126774381024504 0.9010003572318049, 33.077221249196356 0.9010003571478558, 33.07722092283714 0.9477629567588259, 33.12677470722115 0.947762956847133, 33.126774381024504 0.9010003572318049))
/ailab/group/pjlab-ai4s/ai4astro/Deep_space_explore/hst_data/ib3d35jwq/ib3d35jwq_drc.fits.gz:POLYGON ((128.3364414593102 8.271703598445548, 128.3808868348559 8.282817697614275, 128.39282518838337 8.236049563344256, 128.3483847391916 8.224936780076582, 128.3364414593102 8.271703598445548))
/ailab/group/pjlab-ai4s/ai4astro/Deep_space_explore/hst_data/hst_13671_31_acs_wfc_total_jcoz31/hst_13671_31_acs_wfc_total_jcoz31_drc.fits.gz:POLYGON ((245.36587310369356 -2.5847225013407495, 245.28483235521236 -2.584722501582389, 245.28483487580834 -2.5045142014010153, 245.36587058262575 -2.5045142011668835, 245.36587310369356 -2.5847225013407495))
/ailab/group/pjlab-ai4s/ai4astro/Deep_space_explore/hst_data/hst_skycell-p0583x18y03_acs_wfc_f814w_all/hst_skycell-p0583x18y03_acs_wfc_f814w_all_drc.fits.gz:POLYGON ((111.66355110467174 -35.9358403182959, 111.59226875899839 -35.93462416421521, 111.59382456145028 -35.872911296806265, 111.66505398297906 -35.87412478399904, 111.66355110467174 -35.9358403182959))
/ailab/group/pjlab-ai4s/ai4astro/Deep_space_explore/hst_data/if1z71060/if1z71060_drc.fits.gz:POLYGON ((236.50910962170127 -16.82291180252774, 236.50404635746693 -16.82589269468173, 236.5007636371439 -16.82078360885499, 236.50582681651372 -16.81780279706182, 236.50910962170127 -16.82291180252774))
/ailab/group/pjlab-ai4s/ai4astro/Deep_space_explore/hst_data/hst_17310_30_acs_wfc_f435w_jf5530/hst_17310_30_acs_wfc_f435w_jf5530_drc.fits.gz:POLYGON ((45.0720532869446 -10.875226211712329, 44.987521271437366 -10.875226208066701, 44.98753298868666 -10.792240134050374, 45.07204157708738 -10.792240137667514, 45.0720532869446 -10.875226211712329))
/ailab/group/pjlab-ai4s/ai4astro/Deep_space_explore/hst_data/hst_13375_12_wfc3_uvis_f814w_ic9712/hst_13375_12_wfc3_uvis_f814w_ic9712_drc.fits.gz:POLYGON ((14.927234954366128 41.83943216935234, 14.839724348215386 41.83943217098223, 14.839680460699947 41.903517497002646, 14.927278846189438 41.90351749536907, 14.927234954366128 41.83943216935234))
/ailab/group/pjlab-ai4s/ai4astro/Deep_space_explore/hst_data/hst_16235_54_wfc3_uvis_f814w_iehs54/hst_16235_54_wfc3_uvis_f814w_iehs54_drc.fits.gz:POLYGON ((80.41695089504316 -65.7920157736452, 80.25532320318742 -65.79201574614753, 80.25553019400103 -65.72587242882081, 80.41674403770308 -65.72587245623386, 80.41695089504316 -65.7920157736452))
/ailab/group/pjlab-ai4s/ai4astro/Deep_space_explore/hst_data/hst_14689_23_wfc3_uvis_f814w_id7323/hst_14689_23_wfc3_uvis_f814w_id7323_drc.fits.gz:POLYGON ((80.56647523610545 -67.93463539782641, 80.4088027233843 -67.93463540780942, 80.40901066880369 -67.8731914536791, 80.56626723571014 -67.87319144372678, 80.56647523610545 -67.93463539782641))
/ailab/group/pjlab-ai4s/ai4astro/Deep_space_explore/hst_data/hst_9444_01_acs_wfc_f814w_j6lk01/hst_9444_01_acs_wfc_f814w_j6lk01_drc.fits.gz:POLYGON ((5.784205965398835 -72.10524295923142, 5.540798528569667 -72.10524293291562, 5.541289904983606 -72.03024311219777, 5.783714760018888 -72.03024313839624, 5.784205965398835 -72.10524295923142))
/ailab/group/pjlab-ai4s/ai4astro/Deep_space_explore/hst_data/hst_11615_03_wfc3_uvis_total_ib5r03/hst_11615_03_wfc3_uvis_total_ib5r03_drc.fits.gz:POLYGON ((229.6722335684003 2.0392070395643986, 229.61486931257622 2.039207039182818, 229.61486824064585 2.0984609388822415, 229.67223463952988 2.0984609392749127, 229.6722335684003 2.0392070395643986))
/ailab/group/pjlab-ai4s/ai4astro/Deep_space_explore/hst_data/hst_13352_32_wfc3_uvis_f814w_icdx32/hst_13352_32_wfc3_uvis_f814w_icdx32_drc.fits.gz:POLYGON ((255.2756864926076 64.26506801718656, 255.14634455915007 64.2650680232485, 255.14621814728264 64.31894018052904, 255.27581293131718 64.31894017445248, 255.2756864926076 64.26506801718656))
/ailab/group/pjlab-ai4s/ai4astro/Deep_space_explore/hst_data/hst_skycell-p0638x18y17_acs_wfc_f775w_all/hst_skycell-p0638x18y17_acs_wfc_f775w_all_drc.fits.gz:POLYGON ((11.906615355596584 -28.67846660728514, 11.895824279386165 -28.67832623628812, 11.896538113940021 -28.63789006248319, 11.907324856060042 -28.63803019367959, 11.906615355596584 -28.67846660728514))
/ailab/group/pjlab-ai4s/ai4astro/Deep_space_explore/hst_data/hst_15832_10_wfc3_uvis_f218w_ie1u10/hst_15832_10_wfc3_uvis_f218w_ie1u10_drc.fits.gz:POLYGON ((174.69181636602718 6.325558846800051, 174.6776983306357 6.3255588465818855, 174.67769813237393 6.340042157823381, 174.69181656383535 6.340042158042041, 174.69181636602718 6.325558846800051))
/ailab/group/pjlab-ai4s/ai4astro/Deep_space_explore/hst_data/icdm16010/icdm16010_drc.fits.gz:POLYGON ((201.71024329496697 -30.369973891676878, 201.65779202422843 -30.378253943480416, 201.6475670412918 -30.329957522980266, 201.6999932976932 -30.32168155666265, 201.71024329496697 -30.369973891676878))
/ailab/group/pjlab-ai4s/ai4astro/Deep_space_explore/hst_data/hst_11613_26_acs_wfc_total_jb2p26/hst_11613_26_acs_wfc_total_jb2p26_drc.fits.gz:POLYGON ((115.3947589010427 65.20227365065504, 115.21819066364927 65.2022736494023, 115.21794571134113 65.27549577449312, 115.39500384742617 65.27549577575007, 115.3947589010427 65.20227365065504))
/ailab/group/pjlab-ai4s/ai4astro/Deep_space_explore/hst_data/jdm92o010/jdm92o010_drc.fits.gz:POLYGON ((64.02965057194261 -24.136796103961593, 64.00462364070722 -24.082835016650833, 64.06479958734245 -24.05956753021468, 64.08984732112094 -24.113518814889265, 64.02965057194261 -24.136796103961593))
/ailab/group/pjlab-ai4s/ai4astro/Deep_space_explore/hst_data/hst_16799_12_wfc3_uvis_f336w_iepu12/hst_16799_12_wfc3_uvis_f336w_iepu12_drc.fits.gz:POLYGON ((10.468177611140632 40.609252137846596, 10.38515388839503 40.60925213100629, 10.385115631550782 40.6707291436322, 10.468215850380867 40.670729150487354, 10.468177611140632 40.609252137846596))
/ailab/group/pjlab-ai4s/ai4astro/Deep_space_explore/hst_data/hst_14061_01_acs_wfc_total_jct201/hst_14061_01_acs_wfc_total_jct201_drc.fits.gz:POLYGON ((267.03764561192435 -24.808712736069733, 266.97149958515877 -24.80871273061866, 266.9715154861263 -24.7490460792873, 267.0376297228732 -24.749046084723485, 267.03764561192435 -24.808712736069733))
/ailab/group/pjlab-ai4s/ai4astro/Deep_space_explore/hst_data/hst_17310_0e_acs_wfc_f435w_jf550e/hst_17310_0e_acs_wfc_f435w_jf550e_drc.fits.gz:POLYGON ((140.0586141278542 37.143363988096034, 139.95656367027806 37.143363974265746, 139.95650873264168 37.22461392837545, 140.05866903076202 37.22461394224651, 140.0586141278542 37.143363988096034))
/ailab/group/pjlab-ai4s/ai4astro/Deep_space_explore/hst_data/hst_11657_48_wfc3_uvis_f200lp_ib1b48/hst_11657_48_wfc3_uvis_f200lp_ib1b48_drc.fits.gz:POLYGON ((293.6623741148125 5.670686913842297, 293.6165538680228 5.670686913215063, 293.61655282435424 5.696902144568797, 293.6623751577545 5.6969021451989486, 293.6623741148125 5.670686913842297))
/ailab/group/pjlab-ai4s/ai4astro/Deep_space_explore/hst_data/hst_skycell-p1684x15y02_acs_wfc_f814w_all/hst_skycell-p1684x15y02_acs_wfc_f814w_all_drc.fits.gz:POLYGON ((24.25071128866369 15.736124886091872, 24.044169686893092 15.735213130197339, 24.0433963497127 15.863767376395732, 24.250086883891004 15.864687132737735, 24.25071128866369 15.736124886091872))
/ailab/group/pjlab-ai4s/ai4astro/Deep_space_explore/hst_data/jb7k07010/jb7k07010_drc.fits.gz:POLYGON ((313.73878919884675 42.353999239381444, 313.8223329131691 42.357191745391276, 313.8266406002276 42.294981561111534, 313.7431792327335 42.29179221028641, 313.73878919884675 42.353999239381444))
/ailab/group/pjlab-ai4s/ai4astro/Deep_space_explore/hst_data/hst_skycell-p0047x13y14_acs_wfc_f550m_all/hst_skycell-p0047x13y14_acs_wfc_f550m_all_drc.fits.gz:POLYGON ((12.082455990456307 -73.4006944164294, 11.229261739088113 -73.39385245249764, 11.258954298537414 -73.15014317822515, 12.100118363061625 -73.15687961313988, 12.082455990456307 -73.4006944164294))
/ailab/group/pjlab-ai4s/ai4astro/Deep_space_explore/hst_data/hst_9403_02_acs_wfc_total_j8fp02/hst_9403_02_acs_wfc_total_j8fp02_drc.fits.gz:POLYGON ((220.0545128932511 31.46918358221016, 219.96288337093102 31.469183589387256, 219.9628451306139 31.547183552394834, 220.0545511503974 31.547183545195796, 220.0545128932511 31.46918358221016))
/ailab/group/pjlab-ai4s/ai4astro/Deep_space_explore/hst_data/hst_skycell-p1368x13y14_acs_wfc_f435w_all/hst_skycell-p1368x13y14_acs_wfc_f435w_all_drc.fits.gz:POLYGON ((183.48143216285956 2.771884366449162, 183.4060245435819 2.771849002146781, 183.40600011273366 2.8392875921151455, 183.48141083324427 2.8393238170188964, 183.48143216285956 2.771884366449162))
/ailab/group/pjlab-ai4s/ai4astro/Deep_space_explore/hst_data/hst_skycell-p0490x15y12_wfc3_uvis_f814w_all/hst_skycell-p0490x15y12_wfc3_uvis_f814w_all_drc.fits.gz:POLYGON ((13.937411923065904 -37.82146075298304, 13.635813538659486 -37.81836649823564, 13.639315215780801 -37.629180120010915, 13.940139842959756 -37.63225323933841, 13.937411923065904 -37.82146075298304))
/ailab/group/pjlab-ai4s/ai4astro/Deep_space_explore/hst_data/j8fn9fctq/j8fn9fctq_drc.fits.gz:POLYGON ((188.53105420745382 7.888825644356563, 188.58379475043793 7.915093627036156, 188.61048502777868 7.862503917544401, 188.5577494878636 7.836239269705707, 188.53105420745382 7.888825644356563))
/ailab/group/pjlab-ai4s/ai4astro/Deep_space_explore/hst_data/hst_13779_3f_acs_wfc_total_jcoi3f/hst_13779_3f_acs_wfc_total_jcoi3f_drc.fits.gz:POLYGON ((189.04868037550546 62.230908018615146, 188.8722631650886 62.23090800069092, 188.872021854367 62.31317177766093, 189.04892160897953 62.31317179564778, 189.04868037550546 62.230908018615146))
/ailab/group/pjlab-ai4s/ai4astro/Deep_space_explore/hst_data/ibg443020/ibg443020_drc.fits.gz:POLYGON ((71.93296052473475 36.72087835150728, 71.94007936789215 36.73072428716898, 71.95304037142678 36.7247028637255, 71.94592042499154 36.714857699900115, 71.93296052473475 36.72087835150728))
/ailab/group/pjlab-ai4s/ai4astro/Deep_space_explore/hst_data/id3b02030/id3b02030_drc.fits.gz:POLYGON ((350.13120981268264 61.228251139311276, 350.18539407070307 61.19095500484319, 350.10062233425197 61.16234511561168, 350.04638699440045 61.19960737629423, 350.13120981268264 61.228251139311276))
/ailab/group/pjlab-ai4s/ai4astro/Deep_space_explore/hst_data/hst_skycell-p1327x06y19_acs_wfc_fr656n_all/hst_skycell-p1327x06y19_acs_wfc_fr656n_all_drc.fits.gz:POLYGON ((21.186166584218725 3.7854232043499088, 21.06814522308705 3.785576177130475, 21.068253149201997 3.9509934940831277, 21.186286428814658 3.9508338461765597, 21.186166584218725 3.7854232043499088))
